run_SM-ACEP/short_summary_SM-ACEP.txt:	C:94.6%[S:94.5%,D:0.1%],F:4.0%,M:1.4%,n:4415
run_SM-ACOL/short_summary_SM-ACOL.txt:	C:90.2%[S:90.1%,D:0.1%],F:3.6%,M:6.2%,n:4415
run_SM-AZXXO/short_summary_SM-AZXXO.txt:	C:97.3%[S:96.9%,D:0.4%],F:2.0%,M:0.7%,n:4415
run_SM-AZXXP/short_summary_SM-AZXXP.txt:	C:96.1%[S:95.7%,D:0.4%],F:2.4%,M:1.5%,n:4415
run_SM-AZXXQ/short_summary_SM-AZXXQ.txt:	C:90.8%[S:90.7%,D:0.1%],F:3.4%,M:5.8%,n:4415
run_SM-AZXXR/short_summary_SM-AZXXR.txt:	C:92.6%[S:92.3%,D:0.3%],F:3.3%,M:4.1%,n:4415
run_SM-CBIR/short_summary_SM-CBIR.txt:	C:97.1%[S:96.8%,D:0.3%],F:2.1%,M:0.8%,n:4415
run_SM-CCOS/short_summary_SM-CCOS.txt:	C:97.6%[S:96.9%,D:0.7%],F:1.7%,M:0.7%,n:4415
run_SM-CFLO/short_summary_SM-CFLO.txt:	C:97.5%[S:97.2%,D:0.3%],F:1.9%,M:0.6%,n:4415
run_SM-LHUM/short_summary_SM-LHUM.txt:	C:97.5%[S:97.2%,D:0.3%],F:1.9%,M:0.6%,n:4415
run_SM-LNIG/short_summary_SM-LNIG.txt:	C:88.2%[S:87.5%,D:0.7%],F:8.8%,M:3.0%,n:4415
run_SM-MPHA/short_summary_SM-MPHA.txt:	C:90.1%[S:90.0%,D:0.1%],F:4.0%,M:5.9%,n:4415
run_SM-PGRA/short_summary_SM-PGRA.txt:	C:86.9%[S:86.7%,D:0.2%],F:6.2%,M:6.9%,n:4415
run_SM-POGO/short_summary_SM-POGO.txt:	C:94.3%[S:94.2%,D:0.1%],F:4.6%,M:1.1%,n:4415
run_SM-SINV/short_summary_SM-SINV.txt:	C:85.8%[S:85.5%,D:0.3%],F:5.3%,M:8.9%,n:4415
run_SM-TCOR/short_summary_SM-TCOR.txt:	C:91.0%[S:90.8%,D:0.2%],F:3.8%,M:5.2%,n:4415
run_SM-TSEP/short_summary_SM-TSEP.txt:	C:97.7%[S:97.4%,D:0.3%],F:1.6%,M:0.7%,n:4415
run_SM-TZET/short_summary_SM-TZET.txt:	C:97.4%[S:97.2%,D:0.2%],F:2.0%,M:0.6%,n:4415
run_SM-VEME/short_summary_SM-VEME.txt:	C:94.5%[S:94.3%,D:0.2%],F:3.3%,M:2.2%,n:4415
run_SM-WAUR/short_summary_SM-WAUR.txt:	C:97.5%[S:97.3%,D:0.2%],F:1.8%,M:0.7%,n:4415
