% latex table generated in R 3.4.4 by xtable 1.8-2 package
% Fri Jan  4 19:22:46 2019
\begin{table}[ht]
\centering
\begin{tabular}{rrrrrrrrrrrrrrrrrrrrrr}
  \hline
 & Lon & Lat & MAT & MDR & Iso & TS & Tmax & Tmin & ATR & MTWeQ & MTDQ & MTWaQ & MTCQ & PA & PWM & PDM & PS & PWeQ & PDQ & PWaQ & PCQ \\ 
  \hline
Lon & 1.00 & 0.12 & -0.02 & -0.41 & -0.40 & 0.12 & 0.02 & 0.00 & 0.00 & 0.17 & -0.13 & 0.14 & -0.05 & -0.01 & -0.02 & 0.23 & -0.10 & -0.05 & 0.18 & 0.10 & -0.21 \\ 
  Lat & 0.12 & 1.00 & -0.87 & 0.34 & -0.88 & 0.91 & -0.47 & -0.87 & 0.84 & -0.46 & -0.82 & -0.58 & -0.91 & -0.71 & -0.82 & 0.37 & -0.49 & -0.83 & 0.30 & -0.34 & -0.38 \\ 
  MAT & -0.02 & -0.87 & 1.00 & -0.49 & 0.75 & -0.89 & 0.67 & 0.97 & -0.90 & 0.64 & 0.95 & 0.85 & 0.98 & 0.66 & 0.80 & -0.36 & 0.48 & 0.77 & -0.30 & 0.31 & 0.44 \\ 
  MDR & -0.41 & 0.34 & -0.49 & 1.00 & -0.21 & 0.42 & 0.08 & -0.61 & 0.69 & -0.36 & -0.39 & -0.45 & -0.48 & -0.65 & -0.68 & 0.14 & -0.05 & -0.65 & 0.10 & -0.24 & -0.56 \\ 
  Iso & -0.40 & -0.88 & 0.75 & -0.21 & 1.00 & -0.92 & 0.31 & 0.80 & -0.81 & 0.28 & 0.79 & 0.35 & 0.84 & 0.56 & 0.72 & -0.67 & 0.67 & 0.74 & -0.60 & 0.01 & 0.42 \\ 
  TS & 0.12 & 0.91 & -0.89 & 0.42 & -0.92 & 1.00 & -0.38 & -0.95 & 0.94 & -0.42 & -0.90 & -0.53 & -0.96 & -0.57 & -0.77 & 0.64 & -0.75 & -0.76 & 0.58 & -0.07 & -0.35 \\ 
  Tmax & 0.02 & -0.47 & 0.67 & 0.08 & 0.31 & -0.38 & 1.00 & 0.49 & -0.29 & 0.52 & 0.62 & 0.83 & 0.57 & 0.22 & 0.25 & 0.03 & 0.09 & 0.24 & 0.06 & 0.24 & 0.09 \\ 
  Tmin & 0.00 & -0.87 & 0.97 & -0.61 & 0.80 & -0.95 & 0.49 & 1.00 & -0.98 & 0.55 & 0.94 & 0.74 & 0.99 & 0.69 & 0.85 & -0.48 & 0.56 & 0.83 & -0.42 & 0.21 & 0.49 \\ 
  ATR & 0.00 & 0.84 & -0.90 & 0.69 & -0.81 & 0.94 & -0.29 & -0.98 & 1.00 & -0.48 & -0.87 & -0.60 & -0.94 & -0.70 & -0.87 & 0.54 & -0.59 & -0.85 & 0.48 & -0.17 & -0.52 \\ 
  MTWeQ & 0.17 & -0.46 & 0.64 & -0.36 & 0.28 & -0.42 & 0.52 & 0.55 & -0.48 & 1.00 & 0.46 & 0.71 & 0.56 & 0.47 & 0.50 & 0.01 & 0.04 & 0.49 & 0.07 & 0.55 & 0.20 \\ 
  MTDQ & -0.13 & -0.82 & 0.95 & -0.39 & 0.79 & -0.90 & 0.62 & 0.94 & -0.87 & 0.46 & 1.00 & 0.75 & 0.95 & 0.55 & 0.72 & -0.49 & 0.58 & 0.70 & -0.44 & 0.13 & 0.44 \\ 
  MTWaQ & 0.14 & -0.58 & 0.85 & -0.45 & 0.35 & -0.53 & 0.83 & 0.74 & -0.60 & 0.71 & 0.75 & 1.00 & 0.74 & 0.58 & 0.61 & 0.04 & 0.03 & 0.58 & 0.09 & 0.46 & 0.43 \\ 
  MTCQ & -0.05 & -0.91 & 0.98 & -0.48 & 0.84 & -0.96 & 0.57 & 0.99 & -0.94 & 0.56 & 0.95 & 0.74 & 1.00 & 0.64 & 0.81 & -0.49 & 0.60 & 0.79 & -0.43 & 0.21 & 0.42 \\ 
  PA & -0.01 & -0.71 & 0.66 & -0.65 & 0.56 & -0.57 & 0.22 & 0.69 & -0.70 & 0.47 & 0.55 & 0.58 & 0.64 & 1.00 & 0.95 & 0.05 & -0.06 & 0.95 & 0.14 & 0.61 & 0.83 \\ 
  PWM & -0.02 & -0.82 & 0.80 & -0.68 & 0.72 & -0.77 & 0.25 & 0.85 & -0.87 & 0.50 & 0.72 & 0.61 & 0.81 & 0.95 & 1.00 & -0.21 & 0.24 & 1.00 & -0.12 & 0.50 & 0.75 \\ 
  PDM & 0.23 & 0.37 & -0.36 & 0.14 & -0.67 & 0.64 & 0.03 & -0.48 & 0.54 & 0.01 & -0.49 & 0.04 & -0.49 & 0.05 & -0.21 & 1.00 & -0.87 & -0.21 & 0.99 & 0.58 & -0.01 \\ 
  PS & -0.10 & -0.49 & 0.48 & -0.05 & 0.67 & -0.75 & 0.09 & 0.56 & -0.59 & 0.04 & 0.58 & 0.03 & 0.60 & -0.06 & 0.24 & -0.87 & 1.00 & 0.23 & -0.88 & -0.42 & -0.14 \\ 
  PWeQ & -0.05 & -0.83 & 0.77 & -0.65 & 0.74 & -0.76 & 0.24 & 0.83 & -0.85 & 0.49 & 0.70 & 0.58 & 0.79 & 0.95 & 1.00 & -0.21 & 0.23 & 1.00 & -0.11 & 0.51 & 0.76 \\ 
  PDQ & 0.18 & 0.30 & -0.30 & 0.10 & -0.60 & 0.58 & 0.06 & -0.42 & 0.48 & 0.07 & -0.44 & 0.09 & -0.43 & 0.14 & -0.12 & 0.99 & -0.88 & -0.11 & 1.00 & 0.65 & 0.07 \\ 
  PWaQ & 0.10 & -0.34 & 0.31 & -0.24 & 0.01 & -0.07 & 0.24 & 0.21 & -0.17 & 0.55 & 0.13 & 0.46 & 0.21 & 0.61 & 0.50 & 0.58 & -0.42 & 0.51 & 0.65 & 1.00 & 0.28 \\ 
  PCQ & -0.21 & -0.38 & 0.44 & -0.56 & 0.42 & -0.35 & 0.09 & 0.49 & -0.52 & 0.20 & 0.44 & 0.43 & 0.42 & 0.83 & 0.75 & -0.01 & -0.14 & 0.76 & 0.07 & 0.28 & 1.00 \\ 
   \hline
\end{tabular}
\caption{Matrix of biogeographic variable correlations.} 
\label{tab:clim_cor}
\end{table}
